600, 800
680
0, 10
KW 0 0 255
LN 0, 599, 799, 128
EL 0, 639, 60, 60, 1
ST
1, 10
LN 0, 599, 799, 128
EL 1, 639, 60, 60, 1
ST
2, 10
LN 0, 599, 799, 128
EL 2, 639, 60, 60, 1
ST
3, 10
LN 0, 599, 799, 128
EL 3, 639, 60, 60, 1
ST
4, 10
LN 0, 599, 799, 128
EL 4, 639, 60, 60, 1
ST
5, 10
LN 0, 599, 799, 128
EL 5, 639, 60, 60, 1
ST
6, 10
LN 0, 599, 799, 128
EL 6, 639, 60, 60, 1
ST
7, 10
LN 0, 599, 799, 128
EL 7, 639, 60, 60, 1
ST
8, 10
LN 0, 599, 799, 128
EL 8, 639, 60, 60, 1
ST
9, 10
LN 0, 599, 799, 128
EL 9, 639, 60, 60, 1
ST
10, 10
LN 0, 599, 799, 128
EL 10, 639, 60, 60, 1
ST
11, 10
LN 0, 599, 799, 128
EL 11, 639, 60, 60, 1
ST
12, 10
LN 0, 599, 799, 128
EL 12, 639, 60, 60, 1
ST
13, 10
LN 0, 599, 799, 128
EL 13, 639, 60, 60, 1
ST
14, 10
LN 0, 599, 799, 128
EL 14, 639, 60, 60, 1
ST
15, 10
LN 0, 599, 799, 128
EL 15, 639, 60, 60, 1
ST
16, 10
LN 0, 599, 799, 128
EL 16, 639, 60, 60, 1
ST
17, 10
LN 0, 599, 799, 128
EL 17, 639, 60, 60, 1
ST
18, 10
LN 0, 599, 799, 128
EL 18, 639, 60, 60, 1
ST
19, 10
LN 0, 599, 799, 128
EL 19, 639, 60, 60, 1
ST
20, 10
LN 0, 599, 799, 128
EL 20, 639, 60, 60, 1
ST
21, 10
LN 0, 599, 799, 128
EL 21, 639, 60, 60, 1
ST
22, 10
LN 0, 599, 799, 128
EL 22, 639, 60, 60, 1
ST
23, 10
LN 0, 599, 799, 128
EL 23, 639, 60, 60, 1
ST
24, 10
LN 0, 599, 799, 128
EL 24, 639, 60, 60, 1
ST
25, 10
LN 0, 599, 799, 128
EL 25, 639, 60, 60, 1
ST
26, 10
LN 0, 599, 799, 128
EL 26, 639, 60, 60, 1
ST
27, 10
LN 0, 599, 799, 128
EL 27, 639, 60, 60, 1
ST
28, 10
LN 0, 599, 799, 128
EL 28, 639, 60, 60, 1
ST
29, 10
LN 0, 599, 799, 128
EL 29, 639, 60, 60, 1
ST
30, 10
LN 0, 599, 799, 128
EL 30, 639, 60, 60, 1
ST
31, 10
LN 0, 599, 799, 128
EL 31, 639, 60, 60, 1
ST
32, 10
LN 0, 599, 799, 128
EL 32, 639, 60, 60, 1
ST
33, 10
LN 0, 599, 799, 128
EL 33, 639, 60, 60, 1
ST
34, 10
LN 0, 599, 799, 128
EL 34, 639, 60, 60, 1
ST
35, 10
LN 0, 599, 799, 128
EL 35, 639, 60, 60, 1
ST
36, 10
LN 0, 599, 799, 128
EL 36, 639, 60, 60, 1
ST
37, 10
LN 0, 599, 799, 128
EL 37, 639, 60, 60, 1
ST
38, 10
LN 0, 599, 799, 128
EL 38, 639, 60, 60, 1
ST
39, 10
LN 0, 599, 799, 128
EL 39, 639, 60, 60, 1
ST
40, 10
LN 0, 599, 799, 128
EL 40, 639, 60, 60, 1
ST
41, 10
LN 0, 599, 799, 128
EL 41, 639, 60, 60, 1
ST
42, 10
LN 0, 599, 799, 128
EL 42, 639, 60, 60, 1
ST
43, 10
LN 0, 599, 799, 128
EL 43, 639, 60, 60, 1
ST
44, 10
LN 0, 599, 799, 128
EL 44, 639, 60, 60, 1
ST
45, 10
LN 0, 599, 799, 128
EL 45, 639, 60, 60, 1
ST
46, 10
LN 0, 599, 799, 128
EL 46, 639, 60, 60, 1
ST
47, 10
LN 0, 599, 799, 128
EL 47, 639, 60, 60, 1
ST
48, 10
LN 0, 599, 799, 128
EL 48, 639, 60, 60, 1
ST
49, 10
LN 0, 599, 799, 128
EL 49, 639, 60, 60, 1
ST
50, 10
LN 0, 599, 799, 128
EL 50, 639, 60, 60, 1
ST
51, 10
LN 0, 599, 799, 128
EL 51, 639, 60, 60, 1
ST
52, 10
LN 0, 599, 799, 128
EL 52, 639, 60, 60, 1
ST
53, 10
LN 0, 599, 799, 128
EL 53, 639, 60, 60, 1
ST
54, 10
LN 0, 599, 799, 128
EL 54, 639, 60, 60, 1
ST
55, 10
LN 0, 599, 799, 128
EL 55, 639, 60, 60, 1
ST
56, 10
LN 0, 599, 799, 128
EL 56, 639, 60, 60, 1
ST
57, 10
LN 0, 599, 799, 128
EL 57, 639, 60, 60, 1
ST
58, 10
LN 0, 599, 799, 128
EL 58, 639, 60, 60, 1
ST
59, 10
LN 0, 599, 799, 128
EL 59, 639, 60, 60, 1
ST
60, 10
LN 0, 599, 799, 128
EL 60, 639, 60, 60, 1
ST
61, 10
LN 0, 599, 799, 128
EL 61, 639, 60, 60, 1
ST
62, 10
LN 0, 599, 799, 128
EL 62, 639, 60, 60, 1
ST
63, 10
LN 0, 599, 799, 128
EL 63, 639, 60, 60, 1
ST
64, 10
LN 0, 599, 799, 128
EL 64, 639, 60, 60, 1
ST
65, 10
LN 0, 599, 799, 128
EL 65, 639, 60, 60, 1
ST
66, 10
LN 0, 599, 799, 128
EL 66, 639, 60, 60, 1
ST
67, 10
LN 0, 599, 799, 128
EL 67, 639, 60, 60, 1
ST
68, 10
LN 0, 599, 799, 128
EL 68, 639, 60, 60, 1
ST
69, 10
LN 0, 599, 799, 128
EL 69, 639, 60, 60, 1
ST
70, 10
LN 0, 599, 799, 128
EL 70, 639, 60, 60, 1
ST
71, 10
LN 0, 599, 799, 128
EL 71, 639, 60, 60, 1
ST
72, 10
LN 0, 599, 799, 128
EL 72, 639, 60, 60, 1
ST
73, 10
LN 0, 599, 799, 128
EL 73, 639, 60, 60, 1
ST
74, 10
LN 0, 599, 799, 128
EL 74, 639, 60, 60, 1
ST
75, 10
LN 0, 599, 799, 128
EL 75, 639, 60, 60, 1
ST
76, 10
LN 0, 599, 799, 128
EL 76, 639, 60, 60, 1
ST
77, 10
LN 0, 599, 799, 128
EL 77, 639, 60, 60, 1
ST
78, 10
LN 0, 599, 799, 128
EL 78, 639, 60, 60, 1
ST
79, 10
LN 0, 599, 799, 128
EL 79, 639, 60, 60, 1
ST
80, 10
LN 0, 599, 799, 128
EL 80, 639, 60, 60, 1
ST
81, 10
LN 0, 599, 799, 128
EL 81, 639, 60, 60, 1
ST
82, 10
LN 0, 599, 799, 128
EL 82, 639, 60, 60, 1
ST
83, 10
LN 0, 599, 799, 128
EL 83, 639, 60, 60, 1
ST
84, 10
LN 0, 599, 799, 128
EL 84, 639, 60, 60, 1
ST
85, 10
LN 0, 599, 799, 128
EL 85, 639, 60, 60, 1
ST
86, 10
LN 0, 599, 799, 128
EL 86, 639, 60, 60, 1
ST
87, 10
LN 0, 599, 799, 128
EL 87, 639, 60, 60, 1
ST
88, 10
LN 0, 599, 799, 128
EL 88, 639, 60, 60, 1
ST
89, 10
LN 0, 599, 799, 128
EL 89, 639, 60, 60, 1
ST
90, 10
LN 0, 599, 799, 128
EL 90, 639, 60, 60, 1
ST
91, 10
LN 0, 599, 799, 128
EL 91, 639, 60, 60, 1
ST
92, 10
LN 0, 599, 799, 128
EL 92, 639, 60, 60, 1
ST
93, 10
LN 0, 599, 799, 128
EL 93, 639, 60, 60, 1
ST
94, 10
LN 0, 599, 799, 128
EL 94, 639, 60, 60, 1
ST
95, 10
LN 0, 599, 799, 128
EL 95, 639, 60, 60, 1
ST
96, 10
LN 0, 599, 799, 128
EL 96, 639, 60, 60, 1
ST
97, 10
LN 0, 599, 799, 128
EL 97, 639, 60, 60, 1
ST
98, 10
LN 0, 599, 799, 128
EL 98, 639, 60, 60, 1
ST
99, 10
LN 0, 599, 799, 128
EL 99, 639, 60, 60, 1
ST
100, 10
LN 0, 599, 799, 128
EL 100, 639, 60, 60, 1
ST
101, 10
LN 0, 599, 799, 128
EL 101, 639, 60, 60, 1
ST
102, 10
LN 0, 599, 799, 128
EL 102, 639, 60, 60, 1
ST
103, 10
LN 0, 599, 799, 128
EL 103, 639, 60, 60, 1
ST
104, 10
LN 0, 599, 799, 128
EL 104, 639, 60, 60, 1
ST
105, 10
LN 0, 599, 799, 128
EL 105, 639, 60, 60, 1
ST
106, 10
LN 0, 599, 799, 128
EL 106, 639, 60, 60, 1
ST
107, 10
LN 0, 599, 799, 128
EL 107, 639, 60, 60, 1
ST
108, 10
LN 0, 599, 799, 128
EL 108, 639, 60, 60, 1
ST
109, 10
LN 0, 599, 799, 128
EL 109, 639, 60, 60, 1
ST
110, 10
LN 0, 599, 799, 128
EL 110, 639, 60, 60, 1
ST
111, 10
LN 0, 599, 799, 128
EL 111, 639, 60, 60, 1
ST
112, 10
LN 0, 599, 799, 128
EL 112, 639, 60, 60, 1
ST
113, 10
LN 0, 599, 799, 128
EL 113, 639, 60, 60, 1
ST
114, 10
LN 0, 599, 799, 128
EL 114, 639, 60, 60, 1
ST
115, 10
LN 0, 599, 799, 128
EL 115, 639, 60, 60, 1
ST
116, 10
LN 0, 599, 799, 128
EL 116, 639, 60, 60, 1
ST
117, 10
LN 0, 599, 799, 128
EL 117, 639, 60, 60, 1
ST
118, 10
LN 0, 599, 799, 128
EL 118, 639, 60, 60, 1
ST
119, 10
LN 0, 599, 799, 128
EL 119, 639, 60, 60, 1
ST
120, 10
LN 0, 599, 799, 128
EL 120, 639, 60, 60, 1
ST
121, 10
LN 0, 599, 799, 128
EL 121, 639, 60, 60, 1
ST
122, 10
LN 0, 599, 799, 128
EL 122, 639, 60, 60, 1
ST
123, 10
LN 0, 599, 799, 128
EL 123, 639, 60, 60, 1
ST
124, 10
LN 0, 599, 799, 128
EL 124, 639, 60, 60, 1
ST
125, 10
LN 0, 599, 799, 128
EL 125, 639, 60, 60, 1
ST
126, 10
LN 0, 599, 799, 128
EL 126, 639, 60, 60, 1
ST
127, 10
LN 0, 599, 799, 128
EL 127, 639, 60, 60, 1
ST
128, 10
LN 0, 599, 799, 128
EL 128, 639, 60, 60, 1
ST
129, 10
LN 0, 599, 799, 128
EL 129, 639, 60, 60, 1
ST
130, 10
LN 0, 599, 799, 128
EL 130, 639, 60, 60, 1
ST
131, 10
LN 0, 599, 799, 128
EL 131, 639, 60, 60, 1
ST
132, 10
LN 0, 599, 799, 128
EL 132, 639, 60, 60, 1
ST
133, 10
LN 0, 599, 799, 128
EL 133, 639, 60, 60, 1
ST
134, 10
LN 0, 599, 799, 128
EL 134, 639, 60, 60, 1
ST
135, 10
LN 0, 599, 799, 128
EL 135, 639, 60, 60, 1
ST
136, 10
LN 0, 599, 799, 128
EL 136, 639, 60, 60, 1
ST
137, 10
LN 0, 599, 799, 128
EL 137, 639, 60, 60, 1
ST
138, 10
LN 0, 599, 799, 128
EL 138, 639, 60, 60, 1
ST
139, 10
LN 0, 599, 799, 128
EL 139, 639, 60, 60, 1
ST
140, 10
LN 0, 599, 799, 128
EL 140, 639, 60, 60, 1
ST
141, 10
LN 0, 599, 799, 128
EL 141, 639, 60, 60, 1
ST
142, 10
LN 0, 599, 799, 128
EL 142, 639, 60, 60, 1
ST
143, 10
LN 0, 599, 799, 128
EL 143, 639, 60, 60, 1
ST
144, 10
LN 0, 599, 799, 128
EL 144, 639, 60, 60, 1
ST
145, 10
LN 0, 599, 799, 128
EL 145, 639, 60, 60, 1
ST
146, 10
LN 0, 599, 799, 128
EL 146, 639, 60, 60, 1
ST
147, 10
LN 0, 599, 799, 128
EL 147, 639, 60, 60, 1
ST
148, 10
LN 0, 599, 799, 128
EL 148, 639, 60, 60, 1
ST
149, 10
LN 0, 599, 799, 128
EL 149, 639, 60, 60, 1
ST
150, 10
LN 0, 599, 799, 128
EL 150, 639, 60, 60, 1
ST
151, 10
LN 0, 599, 799, 128
EL 151, 639, 60, 60, 1
ST
152, 10
LN 0, 599, 799, 128
EL 152, 639, 60, 60, 1
ST
153, 10
LN 0, 599, 799, 128
EL 153, 639, 60, 60, 1
ST
154, 10
LN 0, 599, 799, 128
EL 154, 639, 60, 60, 1
ST
155, 10
LN 0, 599, 799, 128
EL 155, 639, 60, 60, 1
ST
156, 10
LN 0, 599, 799, 128
EL 156, 639, 60, 60, 1
ST
157, 10
LN 0, 599, 799, 128
EL 157, 639, 60, 60, 1
ST
158, 10
LN 0, 599, 799, 128
EL 158, 639, 60, 60, 1
ST
159, 10
LN 0, 599, 799, 128
EL 159, 639, 60, 60, 1
ST
160, 10
LN 0, 599, 799, 128
EL 160, 639, 60, 60, 1
ST
161, 10
LN 0, 599, 799, 128
EL 161, 639, 60, 60, 1
ST
162, 10
LN 0, 599, 799, 128
EL 162, 639, 60, 60, 1
ST
163, 10
LN 0, 599, 799, 128
EL 163, 639, 60, 60, 1
ST
164, 10
LN 0, 599, 799, 128
EL 164, 639, 60, 60, 1
ST
165, 10
LN 0, 599, 799, 128
EL 165, 639, 60, 60, 1
ST
166, 10
LN 0, 599, 799, 128
EL 166, 639, 60, 60, 1
ST
167, 10
LN 0, 599, 799, 128
EL 167, 639, 60, 60, 1
ST
168, 10
LN 0, 599, 799, 128
EL 168, 639, 60, 60, 1
ST
169, 10
LN 0, 599, 799, 128
EL 169, 639, 60, 60, 1
ST
170, 10
LN 0, 599, 799, 128
EL 170, 639, 60, 60, 1
ST
171, 10
LN 0, 599, 799, 128
EL 171, 639, 60, 60, 1
ST
172, 10
LN 0, 599, 799, 128
EL 172, 639, 60, 60, 1
ST
173, 10
LN 0, 599, 799, 128
EL 173, 639, 60, 60, 1
ST
174, 10
LN 0, 599, 799, 128
EL 174, 639, 60, 60, 1
ST
175, 10
LN 0, 599, 799, 128
EL 175, 639, 60, 60, 1
ST
176, 10
LN 0, 599, 799, 128
EL 176, 639, 60, 60, 1
ST
177, 10
LN 0, 599, 799, 128
EL 177, 639, 60, 60, 1
ST
178, 10
LN 0, 599, 799, 128
EL 178, 639, 60, 60, 1
ST
179, 10
LN 0, 599, 799, 128
EL 179, 639, 60, 60, 1
ST
180, 10
LN 0, 599, 799, 128
EL 180, 639, 60, 60, 1
ST
181, 10
LN 0, 599, 799, 128
EL 181, 639, 60, 60, 1
ST
182, 10
LN 0, 599, 799, 128
EL 182, 639, 60, 60, 1
ST
183, 10
LN 0, 599, 799, 128
EL 183, 639, 60, 60, 1
ST
184, 10
LN 0, 599, 799, 128
EL 184, 639, 60, 60, 1
ST
185, 10
LN 0, 599, 799, 128
EL 185, 639, 60, 60, 1
ST
186, 10
LN 0, 599, 799, 128
EL 186, 639, 60, 60, 1
ST
187, 10
LN 0, 599, 799, 128
EL 187, 639, 60, 60, 1
ST
188, 10
LN 0, 599, 799, 128
EL 188, 639, 60, 60, 1
ST
189, 10
LN 0, 599, 799, 128
EL 189, 639, 60, 60, 1
ST
190, 10
LN 0, 599, 799, 128
EL 190, 639, 60, 60, 1
ST
191, 10
LN 0, 599, 799, 128
EL 191, 639, 60, 60, 1
ST
192, 10
LN 0, 599, 799, 128
EL 192, 639, 60, 60, 1
ST
193, 10
LN 0, 599, 799, 128
EL 193, 639, 60, 60, 1
ST
194, 10
LN 0, 599, 799, 128
EL 194, 639, 60, 60, 1
ST
195, 10
LN 0, 599, 799, 128
EL 195, 639, 60, 60, 1
ST
196, 10
LN 0, 599, 799, 128
EL 196, 639, 60, 60, 1
ST
197, 10
LN 0, 599, 799, 128
EL 197, 639, 60, 60, 1
ST
198, 10
LN 0, 599, 799, 128
EL 198, 639, 60, 60, 1
ST
199, 10
LN 0, 599, 799, 128
EL 199, 639, 60, 60, 1
ST
200, 10
LN 0, 599, 799, 128
EL 200, 639, 60, 60, 1
ST
201, 10
LN 0, 599, 799, 128
EL 201, 639, 60, 60, 1
ST
202, 10
LN 0, 599, 799, 128
EL 202, 639, 60, 60, 1
ST
203, 10
LN 0, 599, 799, 128
EL 203, 639, 60, 60, 1
ST
204, 10
LN 0, 599, 799, 128
EL 204, 639, 60, 60, 1
ST
205, 10
LN 0, 599, 799, 128
EL 205, 639, 60, 60, 1
ST
206, 10
LN 0, 599, 799, 128
EL 206, 639, 60, 60, 1
ST
207, 10
LN 0, 599, 799, 128
EL 207, 639, 60, 60, 1
ST
208, 10
LN 0, 599, 799, 128
EL 208, 639, 60, 60, 1
ST
209, 10
LN 0, 599, 799, 128
EL 209, 639, 60, 60, 1
ST
210, 10
LN 0, 599, 799, 128
EL 210, 639, 60, 60, 1
ST
211, 10
LN 0, 599, 799, 128
EL 211, 639, 60, 60, 1
ST
212, 10
LN 0, 599, 799, 128
EL 212, 639, 60, 60, 1
ST
213, 10
LN 0, 599, 799, 128
EL 213, 639, 60, 60, 1
ST
214, 10
LN 0, 599, 799, 128
EL 214, 639, 60, 60, 1
ST
215, 10
LN 0, 599, 799, 128
EL 215, 639, 60, 60, 1
ST
216, 10
LN 0, 599, 799, 128
EL 216, 639, 60, 60, 1
ST
217, 10
LN 0, 599, 799, 128
EL 217, 639, 60, 60, 1
ST
218, 10
LN 0, 599, 799, 128
EL 218, 639, 60, 60, 1
ST
219, 10
LN 0, 599, 799, 128
EL 219, 639, 60, 60, 1
ST
220, 10
LN 0, 599, 799, 128
EL 220, 639, 60, 60, 1
ST
221, 10
LN 0, 599, 799, 128
EL 221, 639, 60, 60, 1
ST
222, 10
LN 0, 599, 799, 128
EL 222, 639, 60, 60, 1
ST
223, 10
LN 0, 599, 799, 128
EL 223, 639, 60, 60, 1
ST
224, 10
LN 0, 599, 799, 128
EL 224, 639, 60, 60, 1
ST
225, 10
LN 0, 599, 799, 128
EL 225, 639, 60, 60, 1
ST
226, 10
LN 0, 599, 799, 128
EL 226, 639, 60, 60, 1
ST
227, 10
LN 0, 599, 799, 128
EL 227, 639, 60, 60, 1
ST
228, 10
LN 0, 599, 799, 128
EL 228, 639, 60, 60, 1
ST
229, 10
LN 0, 599, 799, 128
EL 229, 639, 60, 60, 1
ST
230, 10
LN 0, 599, 799, 128
EL 230, 639, 60, 60, 1
ST
231, 10
LN 0, 599, 799, 128
EL 231, 639, 60, 60, 1
ST
232, 10
LN 0, 599, 799, 128
EL 232, 639, 60, 60, 1
ST
233, 10
LN 0, 599, 799, 128
EL 233, 639, 60, 60, 1
ST
234, 10
LN 0, 599, 799, 128
EL 234, 639, 60, 60, 1
ST
235, 10
LN 0, 599, 799, 128
EL 235, 639, 60, 60, 1
ST
236, 10
LN 0, 599, 799, 128
EL 236, 639, 60, 60, 1
ST
237, 10
LN 0, 599, 799, 128
EL 237, 639, 60, 60, 1
ST
238, 10
LN 0, 599, 799, 128
EL 238, 639, 60, 60, 1
ST
239, 10
LN 0, 599, 799, 128
EL 239, 639, 60, 60, 1
ST
240, 10
LN 0, 599, 799, 128
EL 240, 639, 60, 60, 1
ST
241, 10
LN 0, 599, 799, 128
EL 241, 639, 60, 60, 1
ST
242, 10
LN 0, 599, 799, 128
EL 242, 639, 60, 60, 1
ST
243, 10
LN 0, 599, 799, 128
EL 243, 639, 60, 60, 1
ST
244, 10
LN 0, 599, 799, 128
EL 244, 639, 60, 60, 1
ST
245, 10
LN 0, 599, 799, 128
EL 245, 639, 60, 60, 1
ST
246, 10
LN 0, 599, 799, 128
EL 246, 639, 60, 60, 1
ST
247, 10
LN 0, 599, 799, 128
EL 247, 639, 60, 60, 1
ST
248, 10
LN 0, 599, 799, 128
EL 248, 639, 60, 60, 1
ST
249, 10
LN 0, 599, 799, 128
EL 249, 639, 60, 60, 1
ST
250, 10
LN 0, 599, 799, 128
EL 250, 639, 60, 60, 1
ST
251, 10
LN 0, 599, 799, 128
EL 251, 639, 60, 60, 1
ST
252, 10
LN 0, 599, 799, 128
EL 252, 639, 60, 60, 1
ST
253, 10
LN 0, 599, 799, 128
EL 253, 639, 60, 60, 1
ST
254, 10
LN 0, 599, 799, 128
EL 254, 639, 60, 60, 1
ST
255, 10
LN 0, 599, 799, 128
EL 255, 639, 60, 60, 1
ST
256, 10
LN 0, 599, 799, 128
EL 256, 639, 60, 60, 1
ST
257, 10
LN 0, 599, 799, 128
EL 257, 639, 60, 60, 1
ST
258, 10
LN 0, 599, 799, 128
EL 258, 639, 60, 60, 1
ST
259, 10
LN 0, 599, 799, 128
EL 259, 639, 60, 60, 1
ST
260, 10
LN 0, 599, 799, 128
EL 260, 639, 60, 60, 1
ST
261, 10
LN 0, 599, 799, 128
EL 261, 639, 60, 60, 1
ST
262, 10
LN 0, 599, 799, 128
EL 262, 639, 60, 60, 1
ST
263, 10
LN 0, 599, 799, 128
EL 263, 639, 60, 60, 1
ST
264, 10
LN 0, 599, 799, 128
EL 264, 639, 60, 60, 1
ST
265, 10
LN 0, 599, 799, 128
EL 265, 639, 60, 60, 1
ST
266, 10
LN 0, 599, 799, 128
EL 266, 639, 60, 60, 1
ST
267, 10
LN 0, 599, 799, 128
EL 267, 639, 60, 60, 1
ST
268, 10
LN 0, 599, 799, 128
EL 268, 639, 60, 60, 1
ST
269, 10
LN 0, 599, 799, 128
EL 269, 639, 60, 60, 1
ST
270, 10
LN 0, 599, 799, 128
EL 270, 639, 60, 60, 1
ST
271, 10
LN 0, 599, 799, 128
EL 271, 639, 60, 60, 1
ST
272, 10
LN 0, 599, 799, 128
EL 272, 639, 60, 60, 1
ST
273, 10
LN 0, 599, 799, 128
EL 273, 639, 60, 60, 1
ST
274, 10
LN 0, 599, 799, 128
EL 274, 639, 60, 60, 1
ST
275, 10
LN 0, 599, 799, 128
EL 275, 639, 60, 60, 1
ST
276, 10
LN 0, 599, 799, 128
EL 276, 639, 60, 60, 1
ST
277, 10
LN 0, 599, 799, 128
EL 277, 639, 60, 60, 1
ST
278, 10
LN 0, 599, 799, 128
EL 278, 639, 60, 60, 1
ST
279, 10
LN 0, 599, 799, 128
EL 279, 639, 60, 60, 1
ST
280, 10
LN 0, 599, 799, 128
EL 280, 639, 60, 60, 1
ST
281, 10
LN 0, 599, 799, 128
EL 281, 639, 60, 60, 1
ST
282, 10
LN 0, 599, 799, 128
EL 282, 639, 60, 60, 1
ST
283, 10
LN 0, 599, 799, 128
EL 283, 639, 60, 60, 1
ST
284, 10
LN 0, 599, 799, 128
EL 284, 639, 60, 60, 1
ST
285, 10
LN 0, 599, 799, 128
EL 285, 639, 60, 60, 1
ST
286, 10
LN 0, 599, 799, 128
EL 286, 639, 60, 60, 1
ST
287, 10
LN 0, 599, 799, 128
EL 287, 639, 60, 60, 1
ST
288, 10
LN 0, 599, 799, 128
EL 288, 639, 60, 60, 1
ST
289, 10
LN 0, 599, 799, 128
EL 289, 639, 60, 60, 1
ST
290, 10
LN 0, 599, 799, 128
EL 290, 639, 60, 60, 1
ST
291, 10
LN 0, 599, 799, 128
EL 291, 639, 60, 60, 1
ST
292, 10
LN 0, 599, 799, 128
EL 292, 639, 60, 60, 1
ST
293, 10
LN 0, 599, 799, 128
EL 293, 639, 60, 60, 1
ST
294, 10
LN 0, 599, 799, 128
EL 294, 639, 60, 60, 1
ST
295, 10
LN 0, 599, 799, 128
EL 295, 639, 60, 60, 1
ST
296, 10
LN 0, 599, 799, 128
EL 296, 639, 60, 60, 1
ST
297, 10
LN 0, 599, 799, 128
EL 297, 639, 60, 60, 1
ST
298, 10
LN 0, 599, 799, 128
EL 298, 639, 60, 60, 1
ST
299, 10
LN 0, 599, 799, 128
EL 299, 639, 60, 60, 1
ST
300, 10
LN 0, 599, 799, 128
EL 300, 639, 60, 60, 1
ST
301, 10
LN 0, 599, 799, 128
EL 301, 639, 60, 60, 1
ST
302, 10
LN 0, 599, 799, 128
EL 302, 639, 60, 60, 1
ST
303, 10
LN 0, 599, 799, 128
EL 303, 639, 60, 60, 1
ST
304, 10
LN 0, 599, 799, 128
EL 304, 639, 60, 60, 1
ST
305, 10
LN 0, 599, 799, 128
EL 305, 639, 60, 60, 1
ST
306, 10
LN 0, 599, 799, 128
EL 306, 639, 60, 60, 1
ST
307, 10
LN 0, 599, 799, 128
EL 307, 639, 60, 60, 1
ST
308, 10
LN 0, 599, 799, 128
EL 308, 639, 60, 60, 1
ST
309, 10
LN 0, 599, 799, 128
EL 309, 639, 60, 60, 1
ST
310, 10
LN 0, 599, 799, 128
EL 310, 639, 60, 60, 1
ST
311, 10
LN 0, 599, 799, 128
EL 311, 639, 60, 60, 1
ST
312, 10
LN 0, 599, 799, 128
EL 312, 639, 60, 60, 1
ST
313, 10
LN 0, 599, 799, 128
EL 313, 639, 60, 60, 1
ST
314, 10
LN 0, 599, 799, 128
EL 314, 639, 60, 60, 1
ST
315, 10
LN 0, 599, 799, 128
EL 315, 639, 60, 60, 1
ST
316, 10
LN 0, 599, 799, 128
EL 316, 639, 60, 60, 1
ST
317, 10
LN 0, 599, 799, 128
EL 317, 639, 60, 60, 1
ST
318, 10
LN 0, 599, 799, 128
EL 318, 639, 60, 60, 1
ST
319, 10
LN 0, 599, 799, 128
EL 319, 639, 60, 60, 1
ST
320, 10
LN 0, 599, 799, 128
EL 320, 639, 60, 60, 1
ST
321, 10
LN 0, 599, 799, 128
EL 321, 639, 60, 60, 1
ST
322, 10
LN 0, 599, 799, 128
EL 322, 639, 60, 60, 1
ST
323, 10
LN 0, 599, 799, 128
EL 323, 639, 60, 60, 1
ST
324, 10
LN 0, 599, 799, 128
EL 324, 639, 60, 60, 1
ST
325, 10
LN 0, 599, 799, 128
EL 325, 639, 60, 60, 1
ST
326, 10
LN 0, 599, 799, 128
EL 326, 639, 60, 60, 1
ST
327, 10
LN 0, 599, 799, 128
EL 327, 639, 60, 60, 1
ST
328, 10
LN 0, 599, 799, 128
EL 328, 639, 60, 60, 1
ST
329, 10
LN 0, 599, 799, 128
EL 329, 639, 60, 60, 1
ST
330, 10
LN 0, 599, 799, 128
EL 330, 639, 60, 60, 1
ST
331, 10
LN 0, 599, 799, 128
EL 331, 639, 60, 60, 1
ST
332, 10
LN 0, 599, 799, 128
EL 332, 639, 60, 60, 1
ST
333, 10
LN 0, 599, 799, 128
EL 333, 639, 60, 60, 1
ST
334, 10
LN 0, 599, 799, 128
EL 334, 639, 60, 60, 1
ST
335, 10
LN 0, 599, 799, 128
EL 335, 639, 60, 60, 1
ST
336, 10
LN 0, 599, 799, 128
EL 336, 639, 60, 60, 1
ST
337, 10
LN 0, 599, 799, 128
EL 337, 639, 60, 60, 1
ST
338, 10
LN 0, 599, 799, 128
EL 338, 639, 60, 60, 1
ST
339, 10
LN 0, 599, 799, 128
EL 339, 639, 60, 60, 1
ST
340, 10
LN 0, 599, 799, 128
EL 340, 639, 60, 60, 1
ST
341, 10
LN 0, 599, 799, 128
EL 341, 639, 60, 60, 1
ST
342, 10
LN 0, 599, 799, 128
EL 342, 639, 60, 60, 1
ST
343, 10
LN 0, 599, 799, 128
EL 343, 639, 60, 60, 1
ST
344, 10
LN 0, 599, 799, 128
EL 344, 639, 60, 60, 1
ST
345, 10
LN 0, 599, 799, 128
EL 345, 639, 60, 60, 1
ST
346, 10
LN 0, 599, 799, 128
EL 346, 639, 60, 60, 1
ST
347, 10
LN 0, 599, 799, 128
EL 347, 639, 60, 60, 1
ST
348, 10
LN 0, 599, 799, 128
EL 348, 639, 60, 60, 1
ST
349, 10
LN 0, 599, 799, 128
EL 349, 639, 60, 60, 1
ST
350, 10
LN 0, 599, 799, 128
EL 350, 639, 60, 60, 1
ST
351, 10
LN 0, 599, 799, 128
EL 351, 639, 60, 60, 1
ST
352, 10
LN 0, 599, 799, 128
EL 352, 639, 60, 60, 1
ST
353, 10
LN 0, 599, 799, 128
EL 353, 639, 60, 60, 1
ST
354, 10
LN 0, 599, 799, 128
EL 354, 639, 60, 60, 1
ST
355, 10
LN 0, 599, 799, 128
EL 355, 639, 60, 60, 1
ST
356, 10
LN 0, 599, 799, 128
EL 356, 639, 60, 60, 1
ST
357, 10
LN 0, 599, 799, 128
EL 357, 639, 60, 60, 1
ST
358, 10
LN 0, 599, 799, 128
EL 358, 639, 60, 60, 1
ST
359, 10
LN 0, 599, 799, 128
EL 359, 639, 60, 60, 1
ST
360, 10
LN 0, 599, 799, 128
EL 360, 639, 60, 60, 1
ST
361, 10
LN 0, 599, 799, 128
EL 361, 639, 60, 60, 1
ST
362, 10
LN 0, 599, 799, 128
EL 362, 639, 60, 60, 1
ST
363, 10
LN 0, 599, 799, 128
EL 363, 639, 60, 60, 1
ST
364, 10
LN 0, 599, 799, 128
EL 364, 639, 60, 60, 1
ST
365, 10
LN 0, 599, 799, 128
EL 365, 639, 60, 60, 1
ST
366, 10
LN 0, 599, 799, 128
EL 366, 639, 60, 60, 1
ST
367, 10
LN 0, 599, 799, 128
EL 367, 639, 60, 60, 1
ST
368, 10
LN 0, 599, 799, 128
EL 368, 639, 60, 60, 1
ST
369, 10
LN 0, 599, 799, 128
EL 369, 639, 60, 60, 1
ST
370, 10
LN 0, 599, 799, 128
EL 370, 639, 60, 60, 1
ST
371, 10
LN 0, 599, 799, 128
EL 371, 639, 60, 60, 1
ST
372, 10
LN 0, 599, 799, 128
EL 372, 639, 60, 60, 1
ST
373, 10
LN 0, 599, 799, 128
EL 373, 639, 60, 60, 1
ST
374, 10
LN 0, 599, 799, 128
EL 374, 639, 60, 60, 1
ST
375, 10
LN 0, 599, 799, 128
EL 375, 639, 60, 60, 1
ST
376, 10
LN 0, 599, 799, 128
EL 376, 639, 60, 60, 1
ST
377, 10
LN 0, 599, 799, 128
EL 377, 639, 60, 60, 1
ST
378, 10
LN 0, 599, 799, 128
EL 378, 639, 60, 60, 1
ST
379, 10
LN 0, 599, 799, 128
EL 379, 639, 60, 60, 1
ST
380, 10
LN 0, 599, 799, 128
EL 380, 639, 60, 60, 1
ST
381, 10
LN 0, 599, 799, 128
EL 381, 639, 60, 60, 1
ST
382, 10
LN 0, 599, 799, 128
EL 382, 639, 60, 60, 1
ST
383, 10
LN 0, 599, 799, 128
EL 383, 639, 60, 60, 1
ST
384, 10
LN 0, 599, 799, 128
EL 384, 639, 60, 60, 1
ST
385, 10
LN 0, 599, 799, 128
EL 385, 639, 60, 60, 1
ST
386, 10
LN 0, 599, 799, 128
EL 386, 639, 60, 60, 1
ST
387, 10
LN 0, 599, 799, 128
EL 387, 639, 60, 60, 1
ST
388, 10
LN 0, 599, 799, 128
EL 388, 639, 60, 60, 1
ST
389, 10
LN 0, 599, 799, 128
EL 389, 639, 60, 60, 1
ST
390, 10
LN 0, 599, 799, 128
EL 390, 639, 60, 60, 1
ST
391, 10
LN 0, 599, 799, 128
EL 391, 639, 60, 60, 1
ST
392, 10
LN 0, 599, 799, 128
EL 392, 639, 60, 60, 1
ST
393, 10
LN 0, 599, 799, 128
EL 393, 639, 60, 60, 1
ST
394, 10
LN 0, 599, 799, 128
EL 394, 639, 60, 60, 1
ST
395, 10
LN 0, 599, 799, 128
EL 395, 639, 60, 60, 1
ST
396, 10
LN 0, 599, 799, 128
EL 396, 639, 60, 60, 1
ST
397, 10
LN 0, 599, 799, 128
EL 397, 639, 60, 60, 1
ST
398, 10
LN 0, 599, 799, 128
EL 398, 639, 60, 60, 1
ST
399, 10
LN 0, 599, 799, 128
EL 399, 639, 60, 60, 1
ST
400, 10
LN 0, 599, 799, 128
EL 400, 639, 60, 60, 1
ST
401, 10
LN 0, 599, 799, 128
EL 401, 639, 60, 60, 1
ST
402, 10
LN 0, 599, 799, 128
EL 402, 639, 60, 60, 1
ST
403, 10
LN 0, 599, 799, 128
EL 403, 639, 60, 60, 1
ST
404, 10
LN 0, 599, 799, 128
EL 404, 639, 60, 60, 1
ST
405, 10
LN 0, 599, 799, 128
EL 405, 639, 60, 60, 1
ST
406, 10
LN 0, 599, 799, 128
EL 406, 639, 60, 60, 1
ST
407, 10
LN 0, 599, 799, 128
EL 407, 639, 60, 60, 1
ST
408, 10
LN 0, 599, 799, 128
EL 408, 639, 60, 60, 1
ST
409, 10
LN 0, 599, 799, 128
EL 409, 639, 60, 60, 1
ST
410, 10
LN 0, 599, 799, 128
EL 410, 639, 60, 60, 1
ST
411, 10
LN 0, 599, 799, 128
EL 411, 639, 60, 60, 1
ST
412, 10
LN 0, 599, 799, 128
EL 412, 639, 60, 60, 1
ST
413, 10
LN 0, 599, 799, 128
EL 413, 639, 60, 60, 1
ST
414, 10
LN 0, 599, 799, 128
EL 414, 639, 60, 60, 1
ST
415, 10
LN 0, 599, 799, 128
EL 415, 639, 60, 60, 1
ST
416, 10
LN 0, 599, 799, 128
EL 416, 639, 60, 60, 1
ST
417, 10
LN 0, 599, 799, 128
EL 417, 639, 60, 60, 1
ST
418, 10
LN 0, 599, 799, 128
EL 418, 639, 60, 60, 1
ST
419, 10
LN 0, 599, 799, 128
EL 419, 639, 60, 60, 1
ST
420, 10
LN 0, 599, 799, 128
EL 420, 639, 60, 60, 1
ST
421, 10
LN 0, 599, 799, 128
EL 421, 639, 60, 60, 1
ST
422, 10
LN 0, 599, 799, 128
EL 422, 639, 60, 60, 1
ST
423, 10
LN 0, 599, 799, 128
EL 423, 639, 60, 60, 1
ST
424, 10
LN 0, 599, 799, 128
EL 424, 639, 60, 60, 1
ST
425, 10
LN 0, 599, 799, 128
EL 425, 639, 60, 60, 1
ST
426, 10
LN 0, 599, 799, 128
EL 426, 639, 60, 60, 1
ST
427, 10
LN 0, 599, 799, 128
EL 427, 639, 60, 60, 1
ST
428, 10
LN 0, 599, 799, 128
EL 428, 639, 60, 60, 1
ST
429, 10
LN 0, 599, 799, 128
EL 429, 639, 60, 60, 1
ST
430, 10
LN 0, 599, 799, 128
EL 430, 639, 60, 60, 1
ST
431, 10
LN 0, 599, 799, 128
EL 431, 639, 60, 60, 1
ST
432, 10
LN 0, 599, 799, 128
EL 432, 639, 60, 60, 1
ST
433, 10
LN 0, 599, 799, 128
EL 433, 639, 60, 60, 1
ST
434, 10
LN 0, 599, 799, 128
EL 434, 639, 60, 60, 1
ST
435, 10
LN 0, 599, 799, 128
EL 435, 639, 60, 60, 1
ST
436, 10
LN 0, 599, 799, 128
EL 436, 639, 60, 60, 1
ST
437, 10
LN 0, 599, 799, 128
EL 437, 639, 60, 60, 1
ST
438, 10
LN 0, 599, 799, 128
EL 438, 639, 60, 60, 1
ST
439, 10
LN 0, 599, 799, 128
EL 439, 639, 60, 60, 1
ST
440, 10
LN 0, 599, 799, 128
EL 440, 639, 60, 60, 1
ST
441, 10
LN 0, 599, 799, 128
EL 441, 639, 60, 60, 1
ST
442, 10
LN 0, 599, 799, 128
EL 442, 639, 60, 60, 1
ST
443, 10
LN 0, 599, 799, 128
EL 443, 639, 60, 60, 1
ST
444, 10
LN 0, 599, 799, 128
EL 444, 639, 60, 60, 1
ST
445, 10
LN 0, 599, 799, 128
EL 445, 639, 60, 60, 1
ST
446, 10
LN 0, 599, 799, 128
EL 446, 639, 60, 60, 1
ST
447, 10
LN 0, 599, 799, 128
EL 447, 639, 60, 60, 1
ST
448, 10
LN 0, 599, 799, 128
EL 448, 639, 60, 60, 1
ST
449, 10
LN 0, 599, 799, 128
EL 449, 639, 60, 60, 1
ST
450, 10
LN 0, 599, 799, 128
EL 450, 639, 60, 60, 1
ST
451, 10
LN 0, 599, 799, 128
EL 451, 639, 60, 60, 1
ST
452, 10
LN 0, 599, 799, 128
EL 452, 639, 60, 60, 1
ST
453, 10
LN 0, 599, 799, 128
EL 453, 639, 60, 60, 1
ST
454, 10
LN 0, 599, 799, 128
EL 454, 639, 60, 60, 1
ST
455, 10
LN 0, 599, 799, 128
EL 455, 639, 60, 60, 1
ST
456, 10
LN 0, 599, 799, 128
EL 456, 639, 60, 60, 1
ST
457, 10
LN 0, 599, 799, 128
EL 457, 639, 60, 60, 1
ST
458, 10
LN 0, 599, 799, 128
EL 458, 639, 60, 60, 1
ST
459, 10
LN 0, 599, 799, 128
EL 459, 639, 60, 60, 1
ST
460, 10
LN 0, 599, 799, 128
EL 460, 639, 60, 60, 1
ST
461, 10
LN 0, 599, 799, 128
EL 461, 639, 60, 60, 1
ST
462, 10
LN 0, 599, 799, 128
EL 462, 639, 60, 60, 1
ST
463, 10
LN 0, 599, 799, 128
EL 463, 639, 60, 60, 1
ST
464, 10
LN 0, 599, 799, 128
EL 464, 639, 60, 60, 1
ST
465, 10
LN 0, 599, 799, 128
EL 465, 639, 60, 60, 1
ST
466, 10
LN 0, 599, 799, 128
EL 466, 639, 60, 60, 1
ST
467, 10
LN 0, 599, 799, 128
EL 467, 639, 60, 60, 1
ST
468, 10
LN 0, 599, 799, 128
EL 468, 639, 60, 60, 1
ST
469, 10
LN 0, 599, 799, 128
EL 469, 639, 60, 60, 1
ST
470, 10
LN 0, 599, 799, 128
EL 470, 639, 60, 60, 1
ST
471, 10
LN 0, 599, 799, 128
EL 471, 639, 60, 60, 1
ST
472, 10
LN 0, 599, 799, 128
EL 472, 639, 60, 60, 1
ST
473, 10
LN 0, 599, 799, 128
EL 473, 639, 60, 60, 1
ST
474, 10
LN 0, 599, 799, 128
EL 474, 639, 60, 60, 1
ST
475, 10
LN 0, 599, 799, 128
EL 475, 639, 60, 60, 1
ST
476, 10
LN 0, 599, 799, 128
EL 476, 639, 60, 60, 1
ST
477, 10
LN 0, 599, 799, 128
EL 477, 639, 60, 60, 1
ST
478, 10
LN 0, 599, 799, 128
EL 478, 639, 60, 60, 1
ST
479, 10
LN 0, 599, 799, 128
EL 479, 639, 60, 60, 1
ST
480, 10
LN 0, 599, 799, 128
EL 480, 639, 60, 60, 1
ST
481, 10
LN 0, 599, 799, 128
EL 481, 639, 60, 60, 1
ST
482, 10
LN 0, 599, 799, 128
EL 482, 639, 60, 60, 1
ST
483, 10
LN 0, 599, 799, 128
EL 483, 639, 60, 60, 1
ST
484, 10
LN 0, 599, 799, 128
EL 484, 639, 60, 60, 1
ST
485, 10
LN 0, 599, 799, 128
EL 485, 639, 60, 60, 1
ST
486, 10
LN 0, 599, 799, 128
EL 486, 639, 60, 60, 1
ST
487, 10
LN 0, 599, 799, 128
EL 487, 639, 60, 60, 1
ST
488, 10
LN 0, 599, 799, 128
EL 488, 639, 60, 60, 1
ST
489, 10
LN 0, 599, 799, 128
EL 489, 639, 60, 60, 1
ST
490, 10
LN 0, 599, 799, 128
EL 490, 639, 60, 60, 1
ST
491, 10
LN 0, 599, 799, 128
EL 491, 639, 60, 60, 1
ST
492, 10
LN 0, 599, 799, 128
EL 492, 639, 60, 60, 1
ST
493, 10
LN 0, 599, 799, 128
EL 493, 639, 60, 60, 1
ST
494, 10
LN 0, 599, 799, 128
EL 494, 639, 60, 60, 1
ST
495, 10
LN 0, 599, 799, 128
EL 495, 639, 60, 60, 1
ST
496, 10
LN 0, 599, 799, 128
EL 496, 639, 60, 60, 1
ST
497, 10
LN 0, 599, 799, 128
EL 497, 639, 60, 60, 1
ST
498, 10
LN 0, 599, 799, 128
EL 498, 639, 60, 60, 1
ST
499, 10
LN 0, 599, 799, 128
EL 499, 639, 60, 60, 1
ST
500, 10
LN 0, 599, 799, 128
EL 500, 639, 60, 60, 1
ST
501, 10
LN 0, 599, 799, 128
EL 501, 639, 60, 60, 1
ST
502, 10
LN 0, 599, 799, 128
EL 502, 639, 60, 60, 1
ST
503, 10
LN 0, 599, 799, 128
EL 503, 639, 60, 60, 1
ST
504, 10
LN 0, 599, 799, 128
EL 504, 639, 60, 60, 1
ST
505, 10
LN 0, 599, 799, 128
EL 505, 639, 60, 60, 1
ST
506, 10
LN 0, 599, 799, 128
EL 506, 639, 60, 60, 1
ST
507, 10
LN 0, 599, 799, 128
EL 507, 639, 60, 60, 1
ST
508, 10
LN 0, 599, 799, 128
EL 508, 639, 60, 60, 1
ST
509, 10
LN 0, 599, 799, 128
EL 509, 639, 60, 60, 1
ST
510, 10
LN 0, 599, 799, 128
EL 510, 639, 60, 60, 1
ST
511, 10
LN 0, 599, 799, 128
EL 511, 639, 60, 60, 1
ST
512, 10
LN 0, 599, 799, 128
EL 512, 639, 60, 60, 1
ST
513, 10
LN 0, 599, 799, 128
EL 513, 639, 60, 60, 1
ST
514, 10
LN 0, 599, 799, 128
EL 514, 639, 60, 60, 1
ST
515, 10
LN 0, 599, 799, 128
EL 515, 639, 60, 60, 1
ST
516, 10
LN 0, 599, 799, 128
EL 516, 639, 60, 60, 1
ST
517, 10
LN 0, 599, 799, 128
EL 517, 639, 60, 60, 1
ST
518, 10
LN 0, 599, 799, 128
EL 518, 639, 60, 60, 1
ST
519, 10
LN 0, 599, 799, 128
EL 519, 639, 60, 60, 1
ST
520, 10
LN 0, 599, 799, 128
EL 520, 639, 60, 60, 1
ST
521, 10
LN 0, 599, 799, 128
EL 521, 639, 60, 60, 1
ST
522, 10
LN 0, 599, 799, 128
EL 522, 639, 60, 60, 1
ST
523, 10
LN 0, 599, 799, 128
EL 523, 639, 60, 60, 1
ST
524, 10
LN 0, 599, 799, 128
EL 524, 639, 60, 60, 1
ST
525, 10
LN 0, 599, 799, 128
EL 525, 639, 60, 60, 1
ST
526, 10
LN 0, 599, 799, 128
EL 526, 639, 60, 60, 1
ST
527, 10
LN 0, 599, 799, 128
EL 527, 639, 60, 60, 1
ST
528, 10
LN 0, 599, 799, 128
EL 528, 639, 60, 60, 1
ST
529, 10
LN 0, 599, 799, 128
EL 529, 639, 60, 60, 1
ST
530, 10
LN 0, 599, 799, 128
EL 530, 639, 60, 60, 1
ST
531, 10
LN 0, 599, 799, 128
EL 531, 639, 60, 60, 1
ST
532, 10
LN 0, 599, 799, 128
EL 532, 639, 60, 60, 1
ST
533, 10
LN 0, 599, 799, 128
EL 533, 639, 60, 60, 1
ST
534, 10
LN 0, 599, 799, 128
EL 534, 639, 60, 60, 1
ST
535, 10
LN 0, 599, 799, 128
EL 535, 639, 60, 60, 1
ST
536, 10
LN 0, 599, 799, 128
EL 536, 639, 60, 60, 1
ST
537, 10
LN 0, 599, 799, 128
EL 537, 639, 60, 60, 1
ST
538, 10
LN 0, 599, 799, 128
EL 538, 639, 60, 60, 1
ST
539, 10
LN 0, 599, 799, 128
EL 539, 639, 60, 60, 1
ST
540, 10
LN 0, 599, 799, 128
EL 540, 639, 60, 60, 1
ST
541, 10
LN 0, 599, 799, 128
EL 541, 639, 60, 60, 1
ST
542, 10
LN 0, 599, 799, 128
EL 542, 639, 60, 60, 1
ST
543, 10
LN 0, 599, 799, 128
EL 543, 639, 60, 60, 1
ST
544, 10
LN 0, 599, 799, 128
EL 544, 639, 60, 60, 1
ST
545, 10
LN 0, 599, 799, 128
EL 545, 639, 60, 60, 1
ST
546, 10
LN 0, 599, 799, 128
EL 546, 639, 60, 60, 1
ST
547, 10
LN 0, 599, 799, 128
EL 547, 639, 60, 60, 1
ST
548, 10
LN 0, 599, 799, 128
EL 548, 639, 60, 60, 1
ST
549, 10
LN 0, 599, 799, 128
EL 549, 639, 60, 60, 1
ST
550, 10
LN 0, 599, 799, 128
EL 550, 639, 60, 60, 1
ST
551, 10
LN 0, 599, 799, 128
EL 551, 639, 60, 60, 1
ST
552, 10
LN 0, 599, 799, 128
EL 552, 639, 60, 60, 1
ST
553, 10
LN 0, 599, 799, 128
EL 553, 639, 60, 60, 1
ST
554, 10
LN 0, 599, 799, 128
EL 554, 639, 60, 60, 1
ST
555, 10
LN 0, 599, 799, 128
EL 555, 639, 60, 60, 1
ST
556, 10
LN 0, 599, 799, 128
EL 556, 639, 60, 60, 1
ST
557, 10
LN 0, 599, 799, 128
EL 557, 639, 60, 60, 1
ST
558, 10
LN 0, 599, 799, 128
EL 558, 639, 60, 60, 1
ST
559, 10
LN 0, 599, 799, 128
EL 559, 639, 60, 60, 1
ST
560, 10
LN 0, 599, 799, 128
EL 560, 639, 60, 60, 1
ST
561, 10
LN 0, 599, 799, 128
EL 561, 639, 60, 60, 1
ST
562, 10
LN 0, 599, 799, 128
EL 562, 639, 60, 60, 1
ST
563, 10
LN 0, 599, 799, 128
EL 563, 639, 60, 60, 1
ST
564, 10
LN 0, 599, 799, 128
EL 564, 639, 60, 60, 1
ST
565, 10
LN 0, 599, 799, 128
EL 565, 639, 60, 60, 1
ST
566, 10
LN 0, 599, 799, 128
EL 566, 639, 60, 60, 1
ST
567, 10
LN 0, 599, 799, 128
EL 567, 639, 60, 60, 1
ST
568, 10
LN 0, 599, 799, 128
EL 568, 639, 60, 60, 1
ST
569, 10
LN 0, 599, 799, 128
EL 569, 639, 60, 60, 1
ST
570, 10
LN 0, 599, 799, 128
EL 570, 639, 60, 60, 1
ST
571, 10
LN 0, 599, 799, 128
EL 571, 639, 60, 60, 1
ST
572, 10
LN 0, 599, 799, 128
EL 572, 639, 60, 60, 1
ST
573, 10
LN 0, 599, 799, 128
EL 573, 639, 60, 60, 1
ST
574, 10
LN 0, 599, 799, 128
EL 574, 639, 60, 60, 1
ST
575, 10
LN 0, 599, 799, 128
EL 575, 639, 60, 60, 1
ST
576, 10
LN 0, 599, 799, 128
EL 576, 639, 60, 60, 1
ST
577, 10
LN 0, 599, 799, 128
EL 577, 639, 60, 60, 1
ST
578, 10
LN 0, 599, 799, 128
EL 578, 639, 60, 60, 1
ST
579, 10
LN 0, 599, 799, 128
EL 579, 639, 60, 60, 1
ST
580, 10
LN 0, 599, 799, 128
EL 580, 639, 60, 60, 1
ST
581, 10
LN 0, 599, 799, 128
EL 581, 639, 60, 60, 1
ST
582, 10
LN 0, 599, 799, 128
EL 582, 639, 60, 60, 1
ST
583, 10
LN 0, 599, 799, 128
EL 583, 639, 60, 60, 1
ST
584, 10
LN 0, 599, 799, 128
EL 584, 639, 60, 60, 1
ST
585, 10
LN 0, 599, 799, 128
EL 585, 639, 60, 60, 1
ST
586, 10
LN 0, 599, 799, 128
EL 586, 639, 60, 60, 1
ST
587, 10
LN 0, 599, 799, 128
EL 587, 639, 60, 60, 1
ST
588, 10
LN 0, 599, 799, 128
EL 588, 639, 60, 60, 1
ST
589, 10
LN 0, 599, 799, 128
EL 589, 639, 60, 60, 1
ST
590, 10
LN 0, 599, 799, 128
EL 590, 639, 60, 60, 1
ST
591, 10
LN 0, 599, 799, 128
EL 591, 639, 60, 60, 1
ST
592, 10
LN 0, 599, 799, 128
EL 592, 639, 60, 60, 1
ST
593, 10
LN 0, 599, 799, 128
EL 593, 639, 60, 60, 1
ST
594, 10
LN 0, 599, 799, 128
EL 594, 639, 60, 60, 1
ST
595, 10
LN 0, 599, 799, 128
EL 595, 639, 60, 60, 1
ST
596, 10
LN 0, 599, 799, 128
EL 596, 639, 60, 60, 1
ST
597, 10
LN 0, 599, 799, 128
EL 597, 639, 60, 60, 1
ST
598, 10
LN 0, 599, 799, 128
EL 598, 639, 60, 60, 1
ST
599, 10
LN 0, 599, 799, 128
EL 599, 639, 60, 60, 1
ST
600, 10
LN 0, 599, 799, 128
EL 600, 639, 60, 60, 1
ST
601, 10
LN 0, 599, 799, 128
EL 601, 639, 60, 60, 1
ST
602, 10
LN 0, 599, 799, 128
EL 602, 639, 60, 60, 1
ST
603, 10
LN 0, 599, 799, 128
EL 603, 639, 60, 60, 1
ST
604, 10
LN 0, 599, 799, 128
EL 604, 639, 60, 60, 1
ST
605, 10
LN 0, 599, 799, 128
EL 605, 639, 60, 60, 1
ST
606, 10
LN 0, 599, 799, 128
EL 606, 639, 60, 60, 1
ST
607, 10
LN 0, 599, 799, 128
EL 607, 639, 60, 60, 1
ST
608, 10
LN 0, 599, 799, 128
EL 608, 639, 60, 60, 1
ST
609, 10
LN 0, 599, 799, 128
EL 609, 639, 60, 60, 1
ST
610, 10
LN 0, 599, 799, 128
EL 610, 639, 60, 60, 1
ST
611, 10
LN 0, 599, 799, 128
EL 611, 639, 60, 60, 1
ST
612, 10
LN 0, 599, 799, 128
EL 612, 639, 60, 60, 1
ST
613, 10
LN 0, 599, 799, 128
EL 613, 639, 60, 60, 1
ST
614, 10
LN 0, 599, 799, 128
EL 614, 639, 60, 60, 1
ST
615, 10
LN 0, 599, 799, 128
EL 615, 639, 60, 60, 1
ST
616, 10
LN 0, 599, 799, 128
EL 616, 639, 60, 60, 1
ST
617, 10
LN 0, 599, 799, 128
EL 617, 639, 60, 60, 1
ST
618, 10
LN 0, 599, 799, 128
EL 618, 639, 60, 60, 1
ST
619, 10
LN 0, 599, 799, 128
EL 619, 639, 60, 60, 1
ST
620, 10
LN 0, 599, 799, 128
EL 620, 639, 60, 60, 1
ST
621, 10
LN 0, 599, 799, 128
EL 621, 639, 60, 60, 1
ST
622, 10
LN 0, 599, 799, 128
EL 622, 639, 60, 60, 1
ST
623, 10
LN 0, 599, 799, 128
EL 623, 639, 60, 60, 1
ST
624, 10
LN 0, 599, 799, 128
EL 624, 639, 60, 60, 1
ST
625, 10
LN 0, 599, 799, 128
EL 625, 639, 60, 60, 1
ST
626, 10
LN 0, 599, 799, 128
EL 626, 639, 60, 60, 1
ST
627, 10
LN 0, 599, 799, 128
EL 627, 639, 60, 60, 1
ST
628, 10
LN 0, 599, 799, 128
EL 628, 639, 60, 60, 1
ST
629, 10
LN 0, 599, 799, 128
EL 629, 639, 60, 60, 1
ST
630, 10
LN 0, 599, 799, 128
EL 630, 639, 60, 60, 1
ST
631, 10
LN 0, 599, 799, 128
EL 631, 639, 60, 60, 1
ST
632, 10
LN 0, 599, 799, 128
EL 632, 639, 60, 60, 1
ST
633, 10
LN 0, 599, 799, 128
EL 633, 639, 60, 60, 1
ST
634, 10
LN 0, 599, 799, 128
EL 634, 639, 60, 60, 1
ST
635, 10
LN 0, 599, 799, 128
EL 635, 639, 60, 60, 1
ST
636, 10
LN 0, 599, 799, 128
EL 636, 639, 60, 60, 1
ST
637, 10
LN 0, 599, 799, 128
EL 637, 639, 60, 60, 1
ST
638, 10
LN 0, 599, 799, 128
EL 638, 639, 60, 60, 1
ST
639, 10
LN 0, 599, 799, 128
EL 639, 639, 60, 60, 1
ST
640, 10
LN 0, 599, 799, 128
EL 640, 639, 60, 60, 1
ST
641, 10
LN 0, 599, 799, 128
EL 641, 639, 60, 60, 1
ST
642, 10
LN 0, 599, 799, 128
EL 642, 639, 60, 60, 1
ST
643, 10
LN 0, 599, 799, 128
EL 643, 639, 60, 60, 1
ST
644, 10
LN 0, 599, 799, 128
EL 644, 639, 60, 60, 1
ST
645, 10
LN 0, 599, 799, 128
EL 645, 639, 60, 60, 1
ST
646, 10
LN 0, 599, 799, 128
EL 646, 639, 60, 60, 1
ST
647, 10
LN 0, 599, 799, 128
EL 647, 639, 60, 60, 1
ST
648, 10
LN 0, 599, 799, 128
EL 648, 639, 60, 60, 1
ST
649, 10
LN 0, 599, 799, 128
EL 649, 639, 60, 60, 1
ST
650, 10
LN 0, 599, 799, 128
EL 650, 639, 60, 60, 1
ST
651, 10
LN 0, 599, 799, 128
EL 651, 639, 60, 60, 1
ST
652, 10
LN 0, 599, 799, 128
EL 652, 639, 60, 60, 1
ST
653, 10
LN 0, 599, 799, 128
EL 653, 639, 60, 60, 1
ST
654, 10
LN 0, 599, 799, 128
EL 654, 639, 60, 60, 1
ST
655, 10
LN 0, 599, 799, 128
EL 655, 639, 60, 60, 1
ST
656, 10
LN 0, 599, 799, 128
EL 656, 639, 60, 60, 1
ST
657, 10
LN 0, 599, 799, 128
EL 657, 639, 60, 60, 1
ST
658, 10
LN 0, 599, 799, 128
EL 658, 639, 60, 60, 1
ST
659, 10
LN 0, 599, 799, 128
EL 659, 639, 60, 60, 1
ST
660, 10
LN 0, 599, 799, 128
EL 660, 639, 60, 60, 1
ST
661, 10
LN 0, 599, 799, 128
EL 661, 639, 60, 60, 1
ST
662, 10
LN 0, 599, 799, 128
EL 662, 639, 60, 60, 1
ST
663, 10
LN 0, 599, 799, 128
EL 663, 639, 60, 60, 1
ST
664, 10
LN 0, 599, 799, 128
EL 664, 639, 60, 60, 1
ST
665, 10
LN 0, 599, 799, 128
EL 665, 639, 60, 60, 1
ST
666, 10
LN 0, 599, 799, 128
EL 666, 639, 60, 60, 1
ST
667, 10
LN 0, 599, 799, 128
EL 667, 639, 60, 60, 1
ST
668, 10
LN 0, 599, 799, 128
EL 668, 639, 60, 60, 1
ST
669, 10
LN 0, 599, 799, 128
EL 669, 639, 60, 60, 1
ST
670, 10
LN 0, 599, 799, 128
EL 670, 639, 60, 60, 1
ST
671, 10
LN 0, 599, 799, 128
EL 671, 639, 60, 60, 1
ST
672, 10
LN 0, 599, 799, 128
EL 672, 639, 60, 60, 1
ST
673, 10
LN 0, 599, 799, 128
EL 673, 639, 60, 60, 1
ST
674, 10
LN 0, 599, 799, 128
EL 674, 639, 60, 60, 1
ST
675, 10
LN 0, 599, 799, 128
EL 675, 639, 60, 60, 1
ST
676, 10
LN 0, 599, 799, 128
EL 676, 639, 60, 60, 1
ST
677, 10
LN 0, 599, 799, 128
EL 677, 639, 60, 60, 1
ST
678, 10
LN 0, 599, 799, 128
EL 678, 639, 60, 60, 1
ST
679, 10
LN 0, 599, 799, 128
EL 679, 639, 60, 60, 1
ST
680, 10
LN 0, 599, 799, 128
EL 680, 639, 60, 60, 1
ST
681, 10
LN 0, 599, 799, 128
EL 681, 639, 60, 60, 1
ST
682, 10
LN 0, 599, 799, 128
EL 682, 639, 60, 60, 1
ST
683, 10
LN 0, 599, 799, 128
EL 683, 639, 60, 60, 1
ST
684, 10
LN 0, 599, 799, 128
EL 684, 639, 60, 60, 1
ST
685, 10
LN 0, 599, 799, 128
EL 685, 639, 60, 60, 1
ST
686, 10
LN 0, 599, 799, 128
EL 686, 639, 60, 60, 1
ST
687, 10
LN 0, 599, 799, 128
EL 687, 639, 60, 60, 1
ST
688, 10
LN 0, 599, 799, 128
EL 688, 639, 60, 60, 1
ST
689, 10
LN 0, 599, 799, 128
EL 689, 639, 60, 60, 1
ST
690, 10
LN 0, 599, 799, 128
EL 690, 639, 60, 60, 1
ST
691, 10
LN 0, 599, 799, 128
EL 691, 639, 60, 60, 1
ST
692, 10
LN 0, 599, 799, 128
EL 692, 639, 60, 60, 1
ST
693, 10
LN 0, 599, 799, 128
EL 693, 639, 60, 60, 1
ST
694, 10
LN 0, 599, 799, 128
EL 694, 639, 60, 60, 1
ST
695, 10
LN 0, 599, 799, 128
EL 695, 639, 60, 60, 1
ST
696, 10
LN 0, 599, 799, 128
EL 696, 639, 60, 60, 1
ST
697, 10
LN 0, 599, 799, 128
EL 697, 639, 60, 60, 1
ST
698, 10
LN 0, 599, 799, 128
EL 698, 639, 60, 60, 1
ST
699, 10
LN 0, 599, 799, 128
EL 699, 639, 60, 60, 1
ST
700, 10
LN 0, 599, 799, 128
EL 700, 639, 60, 60, 1
ST
701, 10
LN 0, 599, 799, 128
EL 701, 639, 60, 60, 1
ST
702, 10
LN 0, 599, 799, 128
EL 702, 639, 60, 60, 1
ST
703, 10
LN 0, 599, 799, 128
EL 703, 639, 60, 60, 1
ST
704, 10
LN 0, 599, 799, 128
EL 704, 639, 60, 60, 1
ST
705, 10
LN 0, 599, 799, 128
EL 705, 639, 60, 60, 1
ST
706, 10
LN 0, 599, 799, 128
EL 706, 639, 60, 60, 1
ST
707, 10
LN 0, 599, 799, 128
EL 707, 639, 60, 60, 1
ST
708, 10
LN 0, 599, 799, 128
EL 708, 639, 60, 60, 1
ST
709, 10
LN 0, 599, 799, 128
EL 709, 639, 60, 60, 1
ST
710, 10
LN 0, 599, 799, 128
EL 710, 639, 60, 60, 1
ST
711, 10
LN 0, 599, 799, 128
EL 711, 639, 60, 60, 1
ST
712, 10
LN 0, 599, 799, 128
EL 712, 639, 60, 60, 1
ST
713, 10
LN 0, 599, 799, 128
EL 713, 639, 60, 60, 1
ST
714, 10
LN 0, 599, 799, 128
EL 714, 639, 60, 60, 1
ST
715, 10
LN 0, 599, 799, 128
EL 715, 639, 60, 60, 1
ST
716, 10
LN 0, 599, 799, 128
EL 716, 639, 60, 60, 1
ST
717, 10
LN 0, 599, 799, 128
EL 717, 639, 60, 60, 1
ST
718, 10
LN 0, 599, 799, 128
EL 718, 639, 60, 60, 1
ST
719, 10
LN 0, 599, 799, 128
EL 719, 639, 60, 60, 1
ST
720, 10
LN 0, 599, 799, 128
EL 720, 639, 60, 60, 1
ST
721, 10
LN 0, 599, 799, 128
EL 721, 639, 60, 60, 1
ST
722, 10
LN 0, 599, 799, 128
EL 722, 639, 60, 60, 1
ST
723, 10
LN 0, 599, 799, 128
EL 723, 639, 60, 60, 1
ST
724, 10
LN 0, 599, 799, 128
EL 724, 639, 60, 60, 1
ST
725, 10
LN 0, 599, 799, 128
EL 725, 639, 60, 60, 1
ST
726, 10
LN 0, 599, 799, 128
EL 726, 639, 60, 60, 1
ST
727, 10
LN 0, 599, 799, 128
EL 727, 639, 60, 60, 1
ST
728, 10
LN 0, 599, 799, 128
EL 728, 639, 60, 60, 1
ST
729, 10
LN 0, 599, 799, 128
EL 729, 639, 60, 60, 1
ST
730, 10
LN 0, 599, 799, 128
EL 730, 639, 60, 60, 1
ST
731, 10
LN 0, 599, 799, 128
EL 731, 639, 60, 60, 1
ST
732, 10
LN 0, 599, 799, 128
EL 732, 639, 60, 60, 1
ST
733, 10
LN 0, 599, 799, 128
EL 733, 639, 60, 60, 1
ST
734, 10
LN 0, 599, 799, 128
EL 734, 639, 60, 60, 1
ST
735, 10
LN 0, 599, 799, 128
EL 735, 639, 60, 60, 1
ST
736, 10
LN 0, 599, 799, 128
EL 736, 639, 60, 60, 1
ST
737, 10
LN 0, 599, 799, 128
EL 737, 639, 60, 60, 1
ST
738, 10
LN 0, 599, 799, 128
EL 738, 639, 60, 60, 1
ST
739, 10
LN 0, 599, 799, 128
EL 739, 639, 60, 60, 1
ST
740, 10
LN 0, 599, 799, 128
EL 740, 639, 60, 60, 1
ST
741, 10
LN 0, 599, 799, 128
EL 741, 639, 60, 60, 1
ST
742, 10
LN 0, 599, 799, 128
EL 742, 639, 60, 60, 1
ST
743, 10
LN 0, 599, 799, 128
EL 743, 639, 60, 60, 1
ST
744, 10
LN 0, 599, 799, 128
EL 744, 639, 60, 60, 1
ST
745, 10
LN 0, 599, 799, 128
EL 745, 639, 60, 60, 1
ST
746, 10
LN 0, 599, 799, 128
EL 746, 639, 60, 60, 1
ST
747, 10
LN 0, 599, 799, 128
EL 747, 639, 60, 60, 1
ST
748, 10
LN 0, 599, 799, 128
EL 748, 639, 60, 60, 1
ST
749, 10
LN 0, 599, 799, 128
EL 749, 639, 60, 60, 1
ST
750, 10
LN 0, 599, 799, 128
EL 750, 639, 60, 60, 1
ST
751, 10
LN 0, 599, 799, 128
EL 751, 639, 60, 60, 1
ST
752, 10
LN 0, 599, 799, 128
EL 752, 639, 60, 60, 1
ST
753, 10
LN 0, 599, 799, 128
EL 753, 639, 60, 60, 1
ST
754, 10
LN 0, 599, 799, 128
EL 754, 639, 60, 60, 1
ST
755, 10
LN 0, 599, 799, 128
EL 755, 639, 60, 60, 1
ST
756, 10
LN 0, 599, 799, 128
EL 756, 639, 60, 60, 1
ST
757, 10
LN 0, 599, 799, 128
EL 757, 639, 60, 60, 1
ST
758, 10
LN 0, 599, 799, 128
EL 758, 639, 60, 60, 1
ST
759, 10
LN 0, 599, 799, 128
EL 759, 639, 60, 60, 1
ST
760, 10
LN 0, 599, 799, 128
EL 760, 639, 60, 60, 1
ST
761, 10
LN 0, 599, 799, 128
EL 761, 639, 60, 60, 1
ST
762, 10
LN 0, 599, 799, 128
EL 762, 639, 60, 60, 1
ST
763, 10
LN 0, 599, 799, 128
EL 763, 639, 60, 60, 1
ST
764, 10
LN 0, 599, 799, 128
EL 764, 639, 60, 60, 1
ST
765, 10
LN 0, 599, 799, 128
EL 765, 639, 60, 60, 1
ST
766, 10
LN 0, 599, 799, 128
EL 766, 639, 60, 60, 1
ST
767, 10
LN 0, 599, 799, 128
EL 767, 639, 60, 60, 1
ST
768, 10
LN 0, 599, 799, 128
EL 768, 639, 60, 60, 1
ST
769, 10
LN 0, 599, 799, 128
EL 769, 639, 60, 60, 1
ST
770, 10
LN 0, 599, 799, 128
EL 770, 639, 60, 60, 1
ST
771, 10
LN 0, 599, 799, 128
EL 771, 639, 60, 60, 1
ST
772, 10
LN 0, 599, 799, 128
EL 772, 639, 60, 60, 1
ST
773, 10
LN 0, 599, 799, 128
EL 773, 639, 60, 60, 1
ST
774, 10
LN 0, 599, 799, 128
EL 774, 639, 60, 60, 1
ST
775, 10
LN 0, 599, 799, 128
EL 775, 639, 60, 60, 1
ST
776, 10
LN 0, 599, 799, 128
EL 776, 639, 60, 60, 1
ST
777, 10
LN 0, 599, 799, 128
EL 777, 639, 60, 60, 1
ST
778, 10
LN 0, 599, 799, 128
EL 778, 639, 60, 60, 1
ST
779, 10
LN 0, 599, 799, 128
EL 779, 639, 60, 60, 1
ST
780, 10
LN 0, 599, 799, 128
EL 780, 639, 60, 60, 1
ST
781, 10
LN 0, 599, 799, 128
EL 781, 639, 60, 60, 1
ST
782, 10
LN 0, 599, 799, 128
EL 782, 639, 60, 60, 1
ST
783, 10
LN 0, 599, 799, 128
EL 783, 639, 60, 60, 1
ST
784, 10
LN 0, 599, 799, 128
EL 784, 639, 60, 60, 1
ST
785, 10
LN 0, 599, 799, 128
EL 785, 639, 60, 60, 1
ST
786, 10
LN 0, 599, 799, 128
EL 786, 639, 60, 60, 1
ST
787, 10
LN 0, 599, 799, 128
EL 787, 639, 60, 60, 1
ST
788, 10
LN 0, 599, 799, 128
EL 788, 639, 60, 60, 1
ST
789, 10
LN 0, 599, 799, 128
EL 789, 639, 60, 60, 1
ST
790, 10
LN 0, 599, 799, 128
EL 790, 639, 60, 60, 1
ST
791, 10
LN 0, 599, 799, 128
EL 791, 639, 60, 60, 1
ST
792, 10
LN 0, 599, 799, 128
EL 792, 639, 60, 60, 1
ST
793, 10
LN 0, 599, 799, 128
EL 793, 639, 60, 60, 1
ST
794, 10
LN 0, 599, 799, 128
EL 794, 639, 60, 60, 1
ST
795, 10
LN 0, 599, 799, 128
EL 795, 639, 60, 60, 1
ST
796, 10
LN 0, 599, 799, 128
EL 796, 639, 60, 60, 1
ST
797, 10
LN 0, 599, 799, 128
EL 797, 639, 60, 60, 1
ST
798, 10
LN 0, 599, 799, 128
EL 798, 639, 60, 60, 1
ST
799, 10
LN 0, 599, 799, 128
EL 799, 639, 60, 60, 1
ST
